Site	year	DOY	time	S_dn	Rn	G	H	LE	T_A1	u	T_S	T_C	T_R1	RH	ea	LAI	h_C	f_c	VZA	T_A0	T_R0
1	1990	209	0.5	0	-60	-87	12	-40	293.75	1.56	290.68	290.08	289.59	52	12.61139746	0.5	0.5	0.28	0	295.69	294.17
1	1990	209	1.5	0	-57	-85	18	-45	292.67	2.11	290.1	289.74	289.12	58	13.15634245	0.5	0.5	0.28	0	295.69	294.17
1	1990	209	2.5	0	-47	-77	17	-48	293.2	2	290.54	290.12	289.51	55	12.89308837	0.5	0.5	0.28	0	295.69	294.17
1	1990	209	3.5	0	-46	-69	15	-38	292.85	1.95	290.84	290.4	289.8	57	13.0749701	0.5	0.5	0.28	0	295.69	294.17
1	1990	209	4.5	0	-59	-71	10	-22	293.33	1.56	289.81	290.53	289.19	67	15.83305362	0.5	0.5	0.28	0	295.69	294.17
1	1990	209	5.5	9	-53	-69	5	-21	292.7	1.36	289.21	289.43	288.46	72	16.36250954	0.5	0.5	0.28	0	295.69	294.17
1	1990	209	6.5	137	23	-39	-7	-55	293.13	1.33	290.32	291.49	289.82	72	16.8051768	0.5	0.5	0.28	0	295.69	294.17
1	1990	209	7.5	342	162	29	-44	-90	295.69	0.35	296.08	293.8	294.17	60	16.38724526	0.5	0.5	0.28	0	295.69	294.17
1	1990	209	8.5	554	307	102	-62	-143	297.71	0.5	304.05	295.85	299.8	48	14.80896697	0.5	0.5	0.28	0	295.69	294.17
1	1990	209	9.5	743	429	161	-103	-165	299.95	1.77	311.49	299	305.45	39	13.74410488	0.5	0.5	0.28	0	295.69	294.17
1	1990	209	10.5	882	517	188	-118	-211	301.59	3.26	315.4	301.55	308.72	33	12.8013864	0.5	0.5	0.28	0	295.69	294.17
1	1990	209	11.5	966	568	199	-138	-231	302.42	3.04	323.14	302.86	313.96	29	11.80456049	0.5	0.5	0.28	0	295.69	294.17
1	1990	209	12.5	993	584	184	-178	-222	303.53	4.13	319.3	305.01	312.27	26	11.28208632	0.5	0.5	0.28	0	295.69	294.17
1	1990	209	13.5	964	563	158	-177	-227	304.42	4.07	324.96	306.3	316.21	22	10.04472697	0.5	0.5	0.28	0	295.69	294.17
1	1990	209	14.5	872	505	112	-161	-233	304.78	5.32	324.94	307.01	316.44	21	9.786631023	0.5	0.5	0.28	0	295.69	294.17
1	1990	209	15.5	725	408	78	-125	-205	304.79	4.82	322.69	306.22	314.78	20	9.325900184	0.5	0.5	0.28	0	295.69	294.17
1	1990	209	16.5	537	279	38	-94	-147	304.64	5.03	317.62	304.89	311.19	20	9.246687283	0.5	0.5	0.28	0	295.69	294.17
1	1990	209	17.5	326	130	-22	-47	-104	304.1	4.67	310.91	303.07	306.42	20	8.96635867	0.5	0.5	0.28	0	295.69	294.17
1	1990	209	18.5	119	-13	-64	42	-93	302.93	5.5	303.3	300.87	300.97	20	8.384291571	0.5	0.5	0.28	0	295.69	294.17
1	1990	209	19.5	6	-74	-94	48	-68	300.82	3.83	298.25	298.16	296.94	21	7.788442712	0.5	0.5	0.28	0	295.69	294.17
1	1990	209	20.5	0	-71	-97	29	-55	297.6	2.52	295.49	294.49	294.02	30	9.194816456	0.5	0.5	0.28	0	295.69	294.17
1	1990	209	21.5	0	-66	-93	27	-54	295.55	2.41	293.87	292.73	292.44	39	10.56139235	0.5	0.5	0.28	0	295.69	294.17
1	1990	209	22.5	0	-63	-86	54	-77	296.24	2.95	293.26	293.28	292.24	40	11.29550034	0.5	0.5	0.28	0	295.69	294.17
1	1990	209	23.5	0	-60	-84	32	-56	295.21	2.56	292.37	292.31	291.37	41	10.87534421	0.5	0.5	0.28	0	295.69	294.17
1	1990	210	0.5	0	-44	-73	16	-46	294.46	2.32	292.99	292.28	291.74	44	11.14763905	0.5	0.5	0.28	0	295.6	294.39
1	1990	210	1.5	0	-57	-74	19	-37	293.55	2.14	291.54	290.94	290.41	51	12.21709238	0.5	0.5	0.28	0	295.6	294.39
1	1990	210	2.5	0	-57	-76	29	-48	293.7	2.58	290.63	290.82	289.8	52	12.57255163	0.5	0.5	0.28	0	295.6	294.39
1	1990	210	3.5	0	-57	-74	31	-48	293.17	2.53	290.18	290.41	289.39	56	13.10313235	0.5	0.5	0.28	0	295.6	294.39
1	1990	210	4.5	0	-54	-72	44	-61	292.47	3.97	289.92	290.38	289.22	64	14.3377439	0.5	0.5	0.28	0	295.6	294.39
1	1990	210	5.5	8	-50	-69	28	-48	291.97	3.29	289.51	289.7	288.74	65	14.11439628	0.5	0.5	0.28	0	295.6	294.39
1	1990	210	6.5	133	23	-40	-9	-53	292.67	1.62	290.46	291.13	289.8	67	15.19784387	0.5	0.5	0.28	0	295.6	294.39
1	1990	210	7.5	338	162	27	-51	-84	295.6	0.41	296.4	293.88	294.39	57	15.4829116	0.5	0.5	0.28	0	295.6	294.39
1	1990	210	8.5	548	304	100	-74	-131	298.25	0.54	305.05	296.88	300.75	49	15.61327615	0.5	0.5	0.28	0	295.6	294.39
1	1990	210	9.5	732	423	155	-115	-153	300.61	2.16	312.8	300.07	306.62	42	15.38650555	0.5	0.5	0.28	0	295.6	294.39
1	1990	210	10.5	872	514	180	-171	-163	301.57	4.08	316.51	302.25	309.64	41	15.88625477	0.5	0.5	0.28	0	295.6	294.39
1	1990	210	11.5	956	568	189	-179	-201	302.37	3.94	327.3	303.41	316.73	39	15.8292548	0.5	0.5	0.28	0	295.6	294.39
1	1990	210	12.5	990	588	183	-205	-199	303.6	3.83	332.66	305.39	320.71	36	15.68418396	0.5	0.5	0.28	0	295.6	294.39
1	1990	210	13.5	968	568	163	-193	-211	304.17	2.79	334.14	306.73	322.06	32	14.40363852	0.5	0.5	0.28	0	295.6	294.39
1	1990	210	14.5	554	294	62	-122	-110	304.14	2.67	323.09	305.23	314.7	30	13.48029963	0.5	0.5	0.28	0	295.6	294.39
1	1990	210	15.5	569	302	81	-99	-121	304.64	1.82	323.99	305.65	315.4	27	12.48302783	0.5	0.5	0.28	0	295.6	294.39
1	1990	210	16.5	218	81	-23	-20	-84	303.66	2.53	311.66	302.02	306.54	29	12.678008	0.5	0.5	0.28	0	295.6	294.39
1	1990	210	17.5	362	166	-7	-35	-138	303.85	3.77	313.26	303.14	307.91	29	12.81670629	0.5	0.5	0.28	0	295.6	294.39
1	1990	210	18.5	59	-33	-53	16	-37	302.35	1.91	303.89	299.23	300.8	33	13.37849588	0.5	0.5	0.28	0	295.6	294.39
1	1990	210	19.5	2	-40	-95	9999	9999	297.07	9.95	298.76	296.08	296.58	39	11.57884242	0.5	0.5	0.28	0	295.6	294.39
1	1990	210	20.5	0	-46	-88	41	-83	296.08	5.98	296.83	294.79	294.96	42	11.74587686	0.5	0.5	0.28	0	295.6	294.39
1	1990	210	21.5	0	-50	-78	40	-68	296.6	3.72	295.74	294.79	294.28	41	11.8326462	0.5	0.5	0.28	0	295.6	294.39
1	1990	210	22.5	0	-57	-84	127	-154	294.39	7.88	293.63	292.99	292.38	53	13.37027366	0.5	0.5	0.28	0	295.6	294.39
1	1990	210	23.5	0	-58	-85	30	-57	293.95	6.2	292.34	292.29	291.34	55	13.50444162	0.5	0.5	0.28	0	295.6	294.39
1	1990	211	0.5	0	-60	-81	25	-46	293	3.45	291.22	291.08	290.25	58	13.42881414	0.5	0.5	0.28	0	294.27	293.24
1	1990	211	1.5	0	-52	-75	7	-30	291.89	1.1	290.78	289.39	289.42	64	13.82788711	0.5	0.5	0.28	0	294.27	293.24
1	1990	211	2.5	0	-53	-70	6	-23	292.17	1.06	290.19	288.92	288.91	64	14.07200163	0.5	0.5	0.28	0	294.27	293.24
1	1990	211	3.5	0	-56	-74	12	-30	291.57	1.78	289	288.23	287.94	66	13.97700488	0.5	0.5	0.28	0	294.27	293.24
1	1990	211	4.5	0	-55	-74	8	-28	290.6	1.45	288.28	287.34	287.2	72	14.34442557	0.5	0.5	0.28	0	294.27	293.24
1	1990	211	5.5	7	-39	-63	3	-27	291.57	0.95	289.15	287.89	287.92	68	14.40055048	0.5	0.5	0.28	0	294.27	293.24
1	1990	211	6.5	85	6	-44	20	-69	291.2	2.2	290.51	289.63	289.34	70	14.48357375	0.5	0.5	0.28	0	294.27	293.24
1	1990	211	7.5	183	88	-5	-65	-28	294.27	2.37	295.24	292.57	293.24	63	15.77626432	0.5	0.5	0.28	0	294.27	293.24
1	1990	211	8.5	398	222	57	-42	-122	295.86	2.93	302.74	295.07	298.72	54	14.90163167	0.5	0.5	0.28	0	294.27	293.24
1	1990	211	9.5	455	257	71	-64	-122	296.74	2.99	306.64	296.18	301.51	50	14.55248409	0.5	0.5	0.28	0	294.27	293.24
1	1990	211	10.5	566	329	102	-105	-122	298.17	3.49	312.26	298.21	305.67	48	15.22181862	0.5	0.5	0.28	0	294.27	293.24
1	1990	211	11.5	607	355	99	-105	-151	298.42	3.85	314.96	298.86	307.56	47	15.12850857	0.5	0.5	0.28	0	294.27	293.24
1	1990	211	12.5	741	441	122	-128	-190	299.59	2.76	319.97	300.72	311.29	43	14.83545169	0.5	0.5	0.28	0	294.27	293.24
1	1990	211	13.5	938	556	180	-199	-176	301.2	2.18	329.94	303.87	318.52	38	14.40979915	0.5	0.5	0.28	0	294.27	293.24
1	1990	211	14.5	771	445	122	-168	-155	302	2.39	327.72	304.24	317.26	36	14.30177422	0.5	0.5	0.28	0	294.27	293.24
1	1990	211	15.5	731	414	100	-154	-160	302.83	2.15	326.85	304.73	316.88	34	14.1713845	0.5	0.5	0.28	0	294.27	293.24
1	1990	211	16.5	521	269	54	-103	-112	303.42	3.08	320.81	304.07	312.91	30	12.93587955	0.5	0.5	0.28	0	294.27	293.24
1	1990	211	17.5	330	134	-6	-58	-82	303.21	2.99	313.98	302.54	308.16	28	11.9286998	0.5	0.5	0.28	0	294.27	293.24
1	1990	211	18.5	123	-5	-46	24	-66	302.37	3.5	305.33	300.46	302.1	30	12.17634985	0.5	0.5	0.28	0	294.27	293.24
1	1990	211	19.5	3	-67	-77	36	-47	300.45	3.66	298.78	297.81	297.16	32	11.61357895	0.5	0.5	0.28	0	294.27	293.24
1	1990	211	20.5	0	-58	-78	49	-69	297.85	4.38	296.66	295.86	295.2	37	11.51129124	0.5	0.5	0.28	0	294.27	293.24
1	1990	211	21.5	0	-58	-78	11	-32	295.23	2.33	294.81	293.35	293.23	47	12.48207852	0.5	0.5	0.28	0	294.27	293.24
1	1990	211	22.5	0	-50	-69	5	-23	294.52	1.17	294.21	291.96	292.4	51	12.96877232	0.5	0.5	0.28	0	294.27	293.24
1	1990	211	23.5	0	-62	-72	6	-16	293.85	1.47	291.79	290.81	290.52	54	13.17745916	0.5	0.5	0.28	0	294.27	293.24
1	1990	212	0.5	0	-57	-71	6	-20	293.33	1.03	290.86	289.82	289.62	56	13.23359705	0.5	0.5	0.28	0	295.74	294.98
1	1990	212	1.5	0	-52	-72	15	-35	291.85	1.86	290.35	289.15	289.08	63	13.57779834	0.5	0.5	0.28	0	295.74	294.98
1	1990	212	2.5	0	-48	-66	26	-44	292.02	3.01	290.54	289.93	289.46	68	14.81205707	0.5	0.5	0.28	0	295.74	294.98
1	1990	212	3.5	0	-51	-64	27	-41	292.55	2.97	290.13	290.05	289.24	70	15.76022467	0.5	0.5	0.28	0	295.74	294.98
1	1990	212	4.5	0	-48	-62	27	-41	291.97	3.22	289.84	289.66	288.93	73	15.85155275	0.5	0.5	0.28	0	295.74	294.98
1	1990	212	5.5	9	-42	-58	16	-32	291.17	1.89	289.53	288.94	288.51	74	15.28233985	0.5	0.5	0.28	0	295.74	294.98
1	1990	212	6.5	137	33	-31	2	-66	292.4	2.33	291.22	291.08	290.25	71	15.83671252	0.5	0.5	0.28	0	295.74	294.98
1	1990	212	7.5	338	167	24	-54	-89	295.74	3.22	297.08	294.4	294.98	62	16.98502583	0.5	0.5	0.28	0	295.74	294.98
1	1990	212	8.5	544	308	78	-99	-131	297.27	5.39	304.89	296.64	300.57	54	16.22618049	0.5	0.5	0.28	0	295.74	294.98
1	1990	212	9.5	728	427	134	-159	-133	298.4	4.05	314.05	298.6	306.91	48	15.431996	0.5	0.5	0.28	0	295.74	294.98
1	1990	212	10.5	878	516	173	-218	-124	299.88	2.85	323.04	300.66	313.18	43	15.09140052	0.5	0.5	0.28	0	295.74	294.98
1	1990	212	11.5	857	498	172	-198	-127	300.72	2.45	327.11	301.74	316.06	39	14.3798322	0.5	0.5	0.28	0	295.74	294.98
1	1990	212	12.5	882	515	151	-215	-149	301.59	2.36	328.87	303.25	317.65	36	13.9651488	0.5	0.5	0.28	0	295.74	294.98
1	1990	212	13.5	885	514	146	-238	-130	302.5	1.57	330.33	304.67	319.02	34	13.903986	0.5	0.5	0.28	0	295.74	294.98
1	1990	212	14.5	763	432	110	-217	-105	303.2	2.2	330.93	305.75	319.75	31	13.19918344	0.5	0.5	0.28	0	295.74	294.98
1	1990	212	15.5	628	342	69	-126	-146	303.43	2.57	325.41	304.9	316.04	27	11.64897674	0.5	0.5	0.28	0	295.74	294.98
1	1990	212	16.5	493	245	36	-112	-97	303.84	3	321.79	304.5	313.65	24	10.60086084	0.5	0.5	0.28	0	295.74	294.98
1	1990	212	17.5	322	126	-16	-72	-69	303.39	3.76	314.4	302.65	308.45	23	9.900440497	0.5	0.5	0.28	0	295.74	294.98
1	1990	212	18.5	57	-41	-61	24	-44	301.78	2.72	303.87	299.36	300.83	27	10.59020653	0.5	0.5	0.28	0	295.74	294.98
1	1990	212	19.5	2	-59	-76	20	-37	299.11	3.22	299.22	296.14	296.88	36	12.07268264	0.5	0.5	0.28	0	295.74	294.98
1	1990	212	20.5	0	-45	-78	114	-147	297.29	8.11	297.95	296	296.05	42	12.63553411	0.5	0.5	0.28	0	295.74	294.98
1	1990	212	21.5	0	-33	-69	57	-94	296.04	5.33	297.53	294.92	295.43	47	13.11236074	0.5	0.5	0.28	0	295.74	294.98
1	1990	212	22.5	0	-35	-85	29	-79	292.98	3.03	293.9	291.46	292.04	70	16.18709068	0.5	0.5	0.28	0	295.74	294.98
1	1990	212	23.5	0	-42	-82	6	-46	292.06	1.62	292.24	290.68	290.75	76	16.59608669	0.5	0.5	0.28	0	295.74	294.98
1	1990	213	0.5	0	-37	-66	4	-33	291.84	1.21	292.91	290.54	291.13	76	16.36931792	0.5	0.5	0.28	0	293.93	293.01
1	1990	213	1.5	0	-35	-59	5	-29	291.98	1.61	292.94	290.68	291.19	76	16.5133082	0.5	0.5	0.28	0	293.93	293.01
1	1990	213	2.5	0	-37	-56	5	-24	292.14	1.65	292.74	290.56	291.03	76	16.6792293	0.5	0.5	0.28	0	293.93	293.01
1	1990	213	3.5	0	-50	-62	3	-14	291.73	0.96	290.92	288.92	289.36	80	17.11258667	0.5	0.5	0.28	0	293.93	293.01
1	1990	213	4.5	0	-49	-64	5	-21	291.22	1.43	289.79	288.1	288.39	83	17.19499513	0.5	0.5	0.28	0	293.93	293.01
1	1990	213	5.5	5	-45	-65	5	-25	289.85	1.27	289.06	287.29	287.67	86	16.33837248	0.5	0.5	0.28	0	293.93	293.01
1	1990	213	6.5	123	21	-40	-24	-37	290.81	1.18	290.26	289.73	289.22	84	16.95852193	0.5	0.5	0.28	0	293.93	293.01
1	1990	213	7.5	214	97	-3	-25	-75	293.93	0.66	295.08	292.18	293.01	72	17.65677554	0.5	0.5	0.28	0	293.93	293.01
1	1990	213	8.5	578	332	89	-128	-115	296.27	3.16	306.18	296.1	301.2	63	17.82275011	0.5	0.5	0.28	0	293.93	293.01
1	1990	213	10.5	835	495	154	-241	-99	298.73	4.19	320.79	299.72	311.47	53	17.37736342	0.5	0.5	0.28	0	293.93	293.01
1	1990	213	11.5	969	578	166	-254	-157	299.71	4.09	327.1	301.15	315.87	47	16.33074831	0.5	0.5	0.28	0	293.93	293.01
1	1990	213	12.5	993	584	167	-260	-157	300.71	3.36	331.7	303.39	319.46	41	15.10840967	0.5	0.5	0.28	0	293.93	293.01
1	1990	213	13.5	484	259	65	-161	-32	300.5	3.66	321.04	301.78	312.3	41	14.92360644	0.5	0.5	0.28	0	293.93	293.01
1	1990	213	14.5	275	136	-19	-143	-13	299.02	4.99	310.28	298.96	304.68	48	16.01126182	0.5	0.5	0.28	0	293.93	293.01
1	1990	213	20.5	0	-24	-82	5	-63	291.22	1.34	293.45	289.97	291.28	96	19.88818714	0.5	0.5	0.28	0	293.93	293.01
1	1990	213	21.5	0	-21	-70	4	-52	291.42	1.1	293.57	290.19	291.43	96	20.13971425	0.5	0.5	0.28	0	293.93	293.01
1	1990	213	22.5	0	-25	-74	5	-54	291.11	1.52	292.79	289.86	290.83	96	19.75102687	0.5	0.5	0.28	0	293.93	293.01
1	1990	213	23.5	0	-19	-67	4	-52	290.79	0.9	292.56	289.65	290.62	97	19.55836106	0.5	0.5	0.28	0	293.93	293.01
1	1990	214	0.5	0	-13	-64	5	-56	290.32	1.28	292.68	289.45	290.63	97	18.98587303	0.5	0.5	0.28	0	291.81	292.49
1	1990	214	1.5	0	-15	-63	6	-54	290.24	1.98	292.57	289.26	290.5	96	18.69516791	0.5	0.5	0.28	0	291.81	292.49
1	1990	214	2.5	0	-18	-58	2	-43	290.12	0.82	292.52	288.91	290.35	96	18.55349725	0.5	0.5	0.28	0	291.81	292.49
1	1990	214	3.5	0	-17	-52	2	-37	290.26	0.96	292.61	289.15	290.49	96	18.71887189	0.5	0.5	0.28	0	291.81	292.49
1	1990	214	4.5	0	-18	-53	3	-39	290.36	1.4	292.48	289.14	290.4	96	18.83778843	0.5	0.5	0.28	0	291.81	292.49
1	1990	214	5.5	3	-14	-52	3	-41	290.38	1.83	292.43	289.15	290.37	95	18.66517571	0.5	0.5	0.28	0	291.81	292.49
1	1990	214	6.5	37	13	-30	2	-45	290.82	0.3	293.39	289.67	291.14	95	19.19138325	0.5	0.5	0.28	0	291.81	292.49
1	1990	214	7.5	140	86	5	-16	-65	291.81	0.56	294.93	290.85	292.49	93	19.99329503	0.5	0.5	0.28	0	291.81	292.49
1	1990	214	8.5	408	279	80	-48	-151	293.51	1.02	298.98	293.49	295.87	86	20.55051547	0.5	0.5	0.28	0	291.81	292.49
1	1990	214	9.5	397	269	72	-42	-155	294.77	1.38	301.14	294.65	297.59	78	20.1407569	0.5	0.5	0.28	0	291.81	292.49
1	1990	214	10.5	256	168	16	-34	-118	294.81	1.54	301.44	294.38	297.69	77	19.93127793	0.5	0.5	0.28	0	291.81	292.49
1	1990	214	11.5	561	389	67	-81	-241	293.82	1.59	301.93	293.39	297.67	83	20.21681838	0.5	0.5	0.28	0	291.81	292.49
1	1990	214	12.5	643	438	129	-86	-223	296.02	1.6	306.38	296.51	301.46	70	19.50537891	0.5	0.5	0.28	0	291.81	292.49
1	1990	214	13.5	1010	698	132	-148	-418	297.24	3.06	308.27	298.71	303.35	63	18.89645288	0.5	0.5	0.28	0	291.81	292.49
1	1990	214	14.5	624	405	60	-91	-253	297.44	3.01	306.84	297.87	302.18	56	16.99977377	0.5	0.5	0.28	0	291.81	292.49
1	1990	214	15.5	610	401	54	-109	-238	297.88	3.03	306.74	298.4	302.3	56	17.45378377	0.5	0.5	0.28	0	291.81	292.49
1	1990	214	16.5	377	231	-9	-93	-146	296.42	5.27	303.27	296.49	299.51	65	18.55616808	0.5	0.5	0.28	0	291.81	292.49
1	1990	214	17.5	157	64	-67	-5	-125	295.4	4.51	298.87	294.72	296.2	69	18.51565375	0.5	0.5	0.28	0	291.81	292.49
1	1990	214	18.5	50	-20	-93	12	-84	294.62	3.09	295.78	293.35	293.83	73	18.67729827	0.5	0.5	0.28	0	291.81	292.49
1	1990	214	19.5	2	-54	-91	7	-45	293.4	1.23	294.13	291.34	292.15	83	19.69920938	0.5	0.5	0.28	0	291.81	292.49
1	1990	214	20.5	0	-52	-83	5	-36	292.71	0.98	293.31	290.29	291.29	88	20.01106155	0.5	0.5	0.28	0	291.81	292.49
1	1990	214	21.5	0	-48	-76	3	-31	292.48	0.64	292.87	289.92	290.9	89	19.95084816	0.5	0.5	0.28	0	291.81	292.49
1	1990	214	22.5	0	-45	-72	5	-32	292.43	1.09	292.49	290.12	290.73	89	19.88880078	0.5	0.5	0.28	0	291.81	292.49
1	1990	214	23.5	0	-29	-58	5	-34	292	0.93	293.15	290.22	291.17	91	19.79725207	0.5	0.5	0.28	0	291.81	292.49
1	1990	215	0.5	0	-23	-50	5	-32	292.11	1.23	293.5	290.53	291.49	92	20.15285187	0.5	0.5	0.28	0	293.41	293.53
1	1990	215	1.5	0	-29	-52	5	-28	292.33	1.13	293.09	290.34	291.17	90	19.98729507	0.5	0.5	0.28	0	293.41	293.53
1	1990	215	2.5	0	-41	-58	3	-20	292.01	0.69	292.03	289.25	290.16	91	19.80963141	0.5	0.5	0.28	0	293.41	293.53
1	1990	215	3.5	0	-43	-59	5	-20	291.39	1.1	291.44	288.64	289.59	92	19.26423265	0.5	0.5	0.28	0	293.41	293.53
1	1990	215	4.5	0	-39	-60	5	-26	290.63	1.25	290.97	288.23	289.16	94	18.76297345	0.5	0.5	0.28	0	293.41	293.53
1	1990	215	5.5	4	-24	-51	7	-34	290.32	1.49	291.41	288.63	289.57	95	18.59441174	0.5	0.5	0.28	0	293.41	293.53
1	1990	215	6.5	86	31	-28	-14	-45	290.91	1.1	292.05	290.09	290.44	94	19.0974437	0.5	0.5	0.28	0	293.41	293.53
1	1990	215	7.5	311	183	47	-36	-100	293.41	0.5	295.44	293.06	293.53	84	19.94888367	0.5	0.5	0.28	0	293.41	293.53
1	1990	215	8.5	451	290	92	-63	-135	295.07	0.83	300.41	294.74	297.16	76	19.98762668	0.5	0.5	0.28	0	293.41	293.53
1	1990	215	9.5	696	446	165	-114	-166	296.63	1.72	305.61	296.27	300.9	69	19.9495762	0.5	0.5	0.28	0	293.41	293.53
1	1990	215	10.5	764	488	180	-127	-180	297.69	2.86	309.34	297.25	303.54	64	19.72165528	0.5	0.5	0.28	0	293.41	293.53
1	1990	215	11.5	879	560	189	-165	-206	298.62	2.93	314.69	298.66	307.33	58	18.89278357	0.5	0.5	0.28	0	293.41	293.53
1	1990	215	12.5	921	585	211	-177	-197	299.82	2.98	319.85	300.74	311.22	53	18.53537089	0.5	0.5	0.28	0	293.41	293.53
1	1990	215	13.5	267	141	20	-61	-60	299.18	2.96	310.88	298.24	304.82	54	18.18427768	0.5	0.5	0.28	0	293.41	293.53
1	1990	215	18.5	11	-24	-87	12	-75	293.08	1.72	295.98	291.29	293.28	91	21.17414501	0.5	0.5	0.28	0	293.41	293.53
1	1990	215	19.5	0	-33	-72	5	-45	293.38	0.91	295.49	291.59	293.08	91	21.57122555	0.5	0.5	0.28	0	293.41	293.53
1	1990	215	23.5	0	-23	-61	6	-45	290.94	1.29	293.54	289.37	291.14	96	19.54068622	0.5	0.5	0.28	0	293.41	293.53
1	1990	216	0.5	0	-23	-58	8	-43	290.94	1.87	293.58	289.33	291.15	96	19.54068622	0.5	0.5	0.28	0	293.62	293.63
1	1990	216	1.5	0	-21	-50	6	-34	291.08	1.36	293.8	289.53	291.35	96	19.71376405	0.5	0.5	0.28	0	293.62	293.63
1	1990	216	2.5	0	-22	-52	9	-39	291	1.73	293.67	289.4	291.23	95	19.4103785	0.5	0.5	0.28	0	293.62	293.63
1	1990	216	3.5	0	-19	-50	10	-40	290.96	1.9	293.76	289.34	291.26	94	19.15771857	0.5	0.5	0.28	0	293.62	293.63
1	1990	216	4.5	0	-21	-46	7	-32	290.93	1.41	293.85	289.2	291.27	94	19.12153362	0.5	0.5	0.28	0	293.62	293.63
1	1990	216	5.5	3	-38	-55	5	-21	290.78	1.03	292.73	288.37	290.31	94	18.94150809	0.5	0.5	0.28	0	293.62	293.63
1	1990	216	6.5	117	32	-28	-7	-53	291.29	1.31	292.96	290.48	291.14	93	19.35165887	0.5	0.5	0.28	0	293.62	293.63
1	1990	216	7.5	219	118	17	-32	-68	293.62	1.42	295.86	292.61	293.63	86	20.69063517	0.5	0.5	0.28	0	293.62	293.63
1	1990	216	8.5	457	297	90	-54	-152	295.35	2.04	300.06	294.62	296.91	78	20.86706477	0.5	0.5	0.28	0	293.62	293.63
1	1990	216	9.5	763	507	186	-89	-232	298.09	1.41	306.26	297.23	301.62	58	18.30540778	0.5	0.5	0.28	0	293.62	293.63
1	1990	216	10.5	861	569	185	-94	-291	299.75	1.52	310.02	298.81	304.48	50	17.41417593	0.5	0.5	0.28	0	293.62	293.63
1	1990	216	11.5	875	574	177	-98	-299	300.72	2.45	311.47	300.18	305.82	46	16.96082772	0.5	0.5	0.28	0	293.62	293.63
1	1990	216	12.5	869	570	163	-85	-321	301.19	2.78	311.44	301.01	306.07	42	15.9173294	0.5	0.5	0.28	0	293.62	293.63
1	1990	216	13.5	951	612	191	-99	-321	301.75	2.55	313.6	302.41	307.88	41	16.05341571	0.5	0.5	0.28	0	293.62	293.63
1	1990	216	14.5	859	538	149	-103	-286	302.28	2.23	315.47	302.58	309.09	40	16.15079717	0.5	0.5	0.28	0	293.62	293.63
1	1990	216	15.5	717	434	105	-75	-254	302.95	1.51	315.92	303.26	309.6	36	15.10912314	0.5	0.5	0.28	0	293.62	293.63
1	1990	216	16.5	490	271	43	-50	-178	303.1	2.01	312.94	302.73	307.57	35	14.8168315	0.5	0.5	0.28	0	293.62	293.63
1	1990	216	19.5	1	-40	-112	79	-151	296.5	6.22	297.31	294.91	295.29	43	12.33511863	0.5	0.5	0.28	0	293.62	293.63
1	1990	216	20.5	0	-36	-86	30	-80	295.55	2.63	296.8	293.85	294.63	49	13.26944167	0.5	0.5	0.28	0	293.62	293.63
1	1990	216	21.5	0	-47	-87	16	-57	294.88	1.9	294.99	292.48	293.05	55	14.29772696	0.5	0.5	0.28	0	293.62	293.63
1	1990	216	22.5	0	-35	-80	20	-66	294.02	2.99	294.72	292.45	292.88	62	15.2889494	0.5	0.5	0.28	0	293.62	293.63
1	1990	216	23.5	0	-44	-82	20	-59	293.23	3.53	293.33	291.53	291.71	70	16.43990468	0.5	0.5	0.28	0	293.62	293.63
1	1990	217	0.5	0	-35	-71	12	-48	292.92	2.21	293.38	291.15	291.62	72	16.58769476	0.5	0.5	0.28	0	292.93	291.54
1	1990	217	1.5	0	-44	-75	10	-41	292.77	1.65	292.15	290	290.48	73	16.66211469	0.5	0.5	0.28	0	292.93	291.54
1	1990	217	2.5	0	-47	-74	10	-37	292.34	1.37	291.45	289.32	289.82	76	16.88868779	0.5	0.5	0.28	0	292.93	291.54
1	1990	217	3.5	0	-48	-77	23	-52	291.65	2.59	290.58	289.22	289.25	78	16.60134195	0.5	0.5	0.28	0	292.93	291.54
1	1990	217	4.5	0	-42	-74	21	-53	290.91	3.09	290.36	289	289.04	82	16.65947216	0.5	0.5	0.28	0	292.93	291.54
1	1990	217	5.5	2	-43	-70	20	-46	290.62	2.48	289.88	288.54	288.59	85	16.95580351	0.5	0.5	0.28	0	292.93	291.54
1	1990	217	6.5	85	8	-43	4	-55	291.08	0.72	290.47	289.73	289.34	86	17.66024696	0.5	0.5	0.28	0	292.93	291.54
1	1990	217	7.5	150	64	-7	-35	-35	292.93	0.44	292.94	291.74	291.54	80	18.44221639	0.5	0.5	0.28	0	292.93	291.54
1	1990	217	8.5	272	156	41	-18	-97	295.18	2.26	296.25	293.49	294.17	71	18.79847018	0.5	0.5	0.28	0	292.93	291.54
1	1990	217	9.5	772	487	187	-105	-195	297.94	3.3	305.86	297.07	301.31	60	18.76768845	0.5	0.5	0.28	0	292.93	291.54
1	1990	217	10.5	746	472	185	-136	-151	298.68	4.59	311.08	298.4	305	57	18.63340494	0.5	0.5	0.28	0	292.93	291.54
1	1990	217	11.5	944	599	194	-159	-247	299.33	6.74	314.77	299.43	307.63	54	18.34645738	0.5	0.5	0.28	0	292.93	291.54
1	1990	217	12.5	851	536	165	-160	-211	299.52	6.81	317.44	299.93	309.46	53	18.21011313	0.5	0.5	0.28	0	292.93	291.54
1	1990	217	13.5	492	295	55	-72	-169	299.17	5.56	311.37	298.7	305.27	53	17.83696394	0.5	0.5	0.28	0	292.93	291.54
1	1990	217	14.5	896	566	150	-144	-271	300.91	5.27	319.88	301.85	311.6	46	17.15044827	0.5	0.5	0.28	0	292.93	291.54
1	1990	217	15.5	716	434	100	-134	-200	301.41	5.21	318.08	301.77	310.45	42	16.12282261	0.5	0.5	0.28	0	292.93	291.54
1	1990	217	16.5	469	265	46	-150	-69	301.23	4.94	315.07	301.07	308.35	40	15.19478159	0.5	0.5	0.28	0	292.93	291.54
1	1990	217	17.5	73	11	-92	46	-148	296.85	8.02	303.21	296.08	299.34	56	16.40723233	0.5	0.5	0.28	0	292.93	291.54
1	1990	217	18.5	25	-32	-99	20	-87	296.42	5.92	299.42	295.11	296.67	56	15.9868525	0.5	0.5	0.28	0	292.93	291.54
1	1990	217	19.5	2	-40	-88	18	-65	296	4.5	298.13	294.62	295.71	56	15.58538803	0.5	0.5	0.28	0	292.93	291.54
1	1990	217	20.5	0	-52	-85	20	-53	295.67	3.52	296.38	293.77	294.34	58	15.82175409	0.5	0.5	0.28	0	292.93	291.54
1	1990	217	21.5	0	-55	-85	21	-51	295.01	2.87	294.83	292.81	293.06	60	15.7219727	0.5	0.5	0.28	0	292.93	291.54
1	1990	217	22.5	0	-52	-80	28	-56	294.61	4.42	294.17	292.84	292.66	64	16.36458545	0.5	0.5	0.28	0	292.93	291.54
1	1990	217	23.5	0	-50	-77	25	-51	293.6	3.25	293.4	291.61	291.78	69	16.58013572	0.5	0.5	0.28	0	292.93	291.54
1	1990	218	0.5	0	-48	-73	23	-48	293.12	2.94	292.8	291.11	291.25	73	17.02802467	0.5	0.5	0.28	0	293.48	293.31
1	1990	218	1.5	0	-42	-68	16	-42	292.58	2.37	292.6	290.55	290.94	75	16.91751647	0.5	0.5	0.28	0	293.48	293.31
1	1990	218	2.5	0	-47	-68	19	-39	292.35	2.21	291.86	290.04	290.31	75	16.67686289	0.5	0.5	0.28	0	293.48	293.31
1	1990	218	3.5	0	-47	-69	35	-57	291.96	3.81	291.27	290.17	289.99	76	16.49267031	0.5	0.5	0.28	0	293.48	293.31
1	1990	218	4.5	0	-34	-55	28	-50	292.77	5.03	292.27	291.1	290.91	73	16.66211469	0.5	0.5	0.28	0	293.48	293.31
1	1990	218	5.5	5	-33	-53	27	-47	292.45	4.24	292.08	290.7	290.67	74	16.55737476	0.5	0.5	0.28	0	293.48	293.31
1	1990	218	6.5	60	11	-33	26	-69	292.81	4.91	293.11	291.31	291.51	75	17.16121299	0.5	0.5	0.28	0	293.48	293.31
1	1990	218	7.5	174	94	1	-17	-76	293.48	6.55	295.48	292.33	293.31	74	17.65024406	0.5	0.5	0.28	0	293.48	293.31
1	1990	218	8.5	382	233	60	-83	-89	294.46	7.19	299.71	293.8	296.42	71	17.98823574	0.5	0.5	0.28	0	293.48	293.31
1	1990	218	9.5	266	155	25	-30	-99	294.35	6.88	299.95	293.45	296.46	69	17.3638852	0.5	0.5	0.28	0	293.48	293.31
1	1990	218	10.5	292	170	31	-41	-99	294.31	5.34	300.76	293.59	297.01	72	18.0743787	0.5	0.5	0.28	0	293.48	293.31
1	1990	218	11.5	322	192	31	-75	-85	294.16	6.14	301.89	293.63	297.72	73	18.15724128	0.5	0.5	0.28	0	293.48	293.31
1	1990	218	12.5	281	167	-20	-48	-139	292.79	6.21	298.58	292.3	295.23	86	19.65375242	0.5	0.5	0.28	0	293.48	293.31
1	1990	218	13.5	229	138	-22	-44	-116	292.37	5.71	298.35	291.74	294.9	88	19.59193199	0.5	0.5	0.28	0	293.48	293.31
1	1990	218	14.5	105	62	-61	-6	-117	291.51	3.76	295.8	290.21	292.82	94	19.83185566	0.5	0.5	0.28	0	293.48	293.31
1	1990	218	15.5	118	69	-35	-6	-98	291.87	2.77	296.35	290.49	293.25	93	20.06851872	0.5	0.5	0.28	0	293.48	293.31
1	1990	218	16.5	88	50	-57	5	-111	291.46	4.69	295.11	290.15	292.37	92	19.34908887	0.5	0.5	0.28	0	293.48	293.31
1	1990	218	17.5	80	45	-43	4	-93	292.08	4.01	295.06	291.03	292.62	90	19.67783466	0.5	0.5	0.28	0	293.48	293.31
1	1990	218	18.5	35	7	-50	14	-71	292.22	3.55	294.72	291.06	292.42	88	19.4094854	0.5	0.5	0.28	0	293.48	293.31
1	1990	218	19.5	1	-14	-58	17	-61	292.11	4.8	293.95	290.86	291.88	89	19.49569366	0.5	0.5	0.28	0	293.48	293.31
1	1990	218	20.5	0	-15	-54	25	-63	292.1	4.54	293.69	290.67	291.65	88	19.26460383	0.5	0.5	0.28	0	293.48	293.31
1	1990	218	21.5	0	-16	-50	24	-59	291.64	4.28	293.41	290.21	291.33	90	19.14339115	0.5	0.5	0.28	0	293.48	293.31
1	1990	218	22.5	0	-15	-48	19	-52	291.52	4.77	293.1	290.23	291.15	90	18.99986467	0.5	0.5	0.28	0	293.48	293.31
1	1990	218	23.5	0	-11	-45	17	-52	291.75	4.91	293.18	290.46	291.27	88	18.84744169	0.5	0.5	0.28	0	293.48	293.31
1	1990	219	0.5	0	-13	-40	13	-40	291.52	3.69	293.26	290.18	291.23	89	18.78875507	0.5	0.5	0.28	0	290.23	291.91
1	1990	219	1.5	0	-14	-41	17	-44	291.05	3.6	293.09	289.6	290.93	90	18.44677781	0.5	0.5	0.28	0	290.23	291.91
1	1990	219	2.5	0	-12	-38	21	-47	290.14	2.72	292.92	288.55	290.49	94	18.19002156	0.5	0.5	0.28	0	290.23	291.91
1	1990	219	3.5	0	-13	-36	9	-31	289.83	2.27	292.81	288.28	290.32	95	18.02527542	0.5	0.5	0.28	0	290.23	291.91
1	1990	219	4.5	0	-14	-38	6	-29	289.63	2.47	292.61	288.15	290.15	96	17.98475352	0.5	0.5	0.28	0	290.23	291.91
1	1990	219	5.5	3	-15	-33	3	-20	289.56	0.43	292.67	288.07	290.17	96	17.90476869	0.5	0.5	0.28	0	290.23	291.91
1	1990	219	6.5	28	9	-21	2	-32	289.67	0.6	293.42	288.6	290.81	97	18.21841878	0.5	0.5	0.28	0	290.23	291.91
1	1990	219	7.5	83	55	-1	-3	-53	290.23	0.78	294.79	289.37	291.91	95	18.48870784	0.5	0.5	0.28	0	290.23	291.91
1	1990	219	8.5	203	137	35	-21	-81	291.2	1.43	297.41	291.02	294.08	91	18.82864587	0.5	0.5	0.28	0	290.23	291.91
1	1990	219	9.5	426	290	73	-67	-150	292.89	3.01	300.58	293.16	296.75	83	19.08634387	0.5	0.5	0.28	0	290.23	291.91
1	1990	219	10.5	883	590	184	-147	-260	294.55	3.38	308.09	295.55	302.21	73	18.59732635	0.5	0.5	0.28	0	290.23	291.91
1	1990	219	11.5	760	501	169	-160	-172	295.37	3.23	312.45	296.48	305.22	70	18.74969211	0.5	0.5	0.28	0	290.23	291.91
1	1990	219	12.5	651	429	112	-143	-174	296.06	3.59	313.01	296.89	305.7	69	19.2734172	0.5	0.5	0.28	0	290.23	291.91
1	1990	219	13.5	798	519	158	-191	-170	296.84	3.83	315.79	298.03	307.81	67	19.61825466	0.5	0.5	0.28	0	290.23	291.91
1	1990	219	14.5	825	528	150	-172	-207	297.6	3.48	319.08	299.17	310.23	63	19.30911456	0.5	0.5	0.28	0	290.23	291.91
1	1990	219	15.5	634	393	86	-147	-159	297.96	4.49	316.88	299.03	308.81	61	19.10330628	0.5	0.5	0.28	0	290.23	291.91
1	1990	219	16.5	273	138	-7	-61	-84	297.47	4.05	310.02	297.16	303.93	60	18.24685411	0.5	0.5	0.28	0	290.23	291.91
1	1990	219	17.5	266	125	-24	-50	-98	297.52	4.29	307.42	297.07	302.29	60	18.30165376	0.5	0.5	0.28	0	290.23	291.91
1	1990	219	18.5	45	-26	-76	28	-77	296.29	4.05	301.25	294.85	297.72	61	17.27784987	0.5	0.5	0.28	0	290.23	291.91
1	1990	219	19.5	2	-48	-85	20	-57	295.02	3.69	298.1	293.45	295.31	66	17.30474011	0.5	0.5	0.28	0	290.23	291.91
1	1990	219	20.5	0	-39	-75	18	-53	294.3	4.06	297	292.92	294.45	71	17.81240028	0.5	0.5	0.28	0	290.23	291.91
1	1990	219	21.5	0	-47	-77	26	-56	293.48	4.77	295.26	292	293.07	75	17.88876087	0.5	0.5	0.28	0	290.23	291.91
1	1990	219	22.5	0	-47	-76	22	-52	292.29	4.28	293.98	290.75	291.86	80	17.72221879	0.5	0.5	0.28	0	290.23	291.91
1	1990	219	23.5	0	-49	-76	22	-50	291.29	3.23	292.73	289.55	290.69	84	17.47891769	0.5	0.5	0.28	0	290.23	291.91
1	1990	220	0.5	0	-45	-72	14	-41	290.52	2.58	292.05	288.82	290.03	90	17.8400963	0.5	0.5	0.28	0	292.16	292.39
1	1990	220	1.5	0	-39	-64	8	-33	290.22	1.63	292.04	288.4	289.88	91	17.69901687	0.5	0.5	0.28	0	292.16	292.39
1	1990	220	2.5	0	-37	-60	11	-33	290.42	1.95	291.75	288.44	289.72	90	17.72761555	0.5	0.5	0.28	0	292.16	292.39
1	1990	220	3.5	0	-41	-60	6	-25	290.01	1.27	291.1	287.82	289.12	92	17.65677635	0.5	0.5	0.28	0	292.16	292.39
1	1990	220	4.5	0	-45	-63	8	-27	289.48	1.43	290.22	286.9	288.26	93	17.25706117	0.5	0.5	0.28	0	292.16	292.39
1	1990	220	5.5	3	-40	-61	20	-40	289.5	3.1	289.99	287.63	288.36	93	17.27907001	0.5	0.5	0.28	0	292.16	292.39
1	1990	220	6.5	63	6	-40	13	-59	289.85	2.87	290.89	288.59	289.23	92	17.47825893	0.5	0.5	0.28	0	292.16	292.39
1	1990	220	7.5	304	161	32	-75	-54	292.16	3.01	294.39	291.6	292.39	85	18.67771211	0.5	0.5	0.28	0	292.16	292.39
1	1990	220	8.5	521	312	115	-74	-122	294.22	0.83	301.31	293.68	297.38	70	17.47540059	0.5	0.5	0.28	0	292.16	292.39
1	1990	220	9.5	632	392	149	-100	-143	295.5	2.53	307.42	295.12	301.65	65	17.54883216	0.5	0.5	0.28	0	292.16	292.39
1	1990	220	10.5	761	480	189	-158	-132	296.51	3.26	313.09	296.67	305.69	63	18.08330584	0.5	0.5	0.28	0	292.16	292.39
1	1990	220	11.5	933	587	225	-189	-172	297.83	3.33	320.22	298.85	310.83	58	18.02315081	0.5	0.5	0.28	0	292.16	292.39
1	1990	220	12.5	926	580	198	-185	-196	298.47	3.23	322.74	299.9	312.74	56	18.07920921	0.5	0.5	0.28	0	292.16	292.39
1	1990	220	13.5	1000	625	182	-232	-211	299.43	3.85	325.48	301.45	314.96	54	18.45527872	0.5	0.5	0.28	0	292.16	292.39
1	1990	220	14.5	864	527	134	-201	-191	299.9	3.1	325.42	301.61	314.97	49	17.2174532	0.5	0.5	0.28	0	292.16	292.39
1	1990	220	15.5	675	398	81	-144	-173	300.41	3.37	322.6	301.73	313.25	47	17.01745267	0.5	0.5	0.28	0	292.16	292.39
1	1990	220	16.5	510	281	42	-104	-135	300.58	3.55	317.89	301.25	310.17	45	16.4565805	0.5	0.5	0.28	0	292.16	292.39
1	1990	220	17.5	295	123	-22	-52	-94	300.57	3.38	311.48	300.13	305.81	44	16.08144919	0.5	0.5	0.28	0	292.16	292.39
1	1990	220	18.5	92	-18	-69	19	-70	299.65	2.63	304.43	298.12	300.77	46	15.92679706	0.5	0.5	0.28	0	292.16	292.39
1	1990	220	19.5	2	-62	-91	21	-50	297.38	2.37	299.29	294.79	296.48	57	17.24114785	0.5	0.5	0.28	0	292.16	292.39
1	1990	220	20.5	0	-58	-89	26	-57	295.94	2.75	297.16	293.84	294.85	64	17.74715798	0.5	0.5	0.28	0	292.16	292.39
1	1990	220	21.5	0	-55	-84	30	-59	295.98	4.18	296.06	294.22	294.29	63	17.51230466	0.5	0.5	0.28	0	292.16	292.39
1	1990	220	22.5	0	-55	-82	21	-48	294.52	2.82	294.72	292.56	292.91	68	17.29169642	0.5	0.5	0.28	0	292.16	292.39
1	1990	220	23.5	0	-55	-79	13	-37	293.82	1.79	293.49	291.07	291.67	73	17.78105713	0.5	0.5	0.28	0	292.16	292.39
1	1990	221	0.5	0	-54	-76	17	-39	293.31	2.23	292.69	290.85	291.09	75	17.70164314	0.5	0.5	0.28	0	295.42	294.36
1	1990	221	1.5	0	-55	-74	1	-20	292.98	0.53	291.98	289.98	290.36	78	18.0370439	0.5	0.5	0.28	0	295.42	294.36
1	1990	221	2.5	0	-50	-71	23	-45	292.22	2.2	291.35	289.44	289.8	83	18.30667373	0.5	0.5	0.28	0	295.42	294.36
1	1990	221	3.5	0	-49	-69	7	-27	291.78	1.39	290.8	288.77	289.24	85	18.23915022	0.5	0.5	0.28	0	295.42	294.36
1	1990	221	4.5	0	-47	-66	12	-32	291.72	1.64	290.36	288.43	288.85	86	18.38451014	0.5	0.5	0.28	0	295.42	294.36
1	1990	221	5.5	5	-41	-63	16	-38	290.83	2	290.24	288.46	288.79	89	17.9906403	0.5	0.5	0.28	0	295.42	294.36
1	1990	221	6.5	115	24	-33	-3	-54	292.29	2.08	291.44	291.36	290.48	86	19.0513852	0.5	0.5	0.28	0	295.42	294.36
1	1990	221	7.5	319	165	36	-45	-85	295.42	1.64	296.09	294.38	294.36	72	19.34423664	0.5	0.5	0.28	0	295.42	294.36
1	1990	221	8.5	526	310	105	-87	-118	297.71	2.8	303.39	296.74	299.68	61	18.81972885	0.5	0.5	0.28	0	295.42	294.36
1	1990	221	9.5	709	435	156	-130	-149	298.55	5.12	310.33	298.38	304.53	57	18.48988849	0.5	0.5	0.28	0	295.42	294.36
1	1990	221	10.5	849	526	186	-176	-164	299.38	5.39	316.57	299.73	308.85	56	19.08230871	0.5	0.5	0.28	0	295.42	294.36
1	1990	221	11.5	943	587	190	-202	-194	300.78	5.88	322.04	301.64	312.88	50	18.5005532	0.5	0.5	0.28	0	295.42	294.36
1	1990	221	12.5	888	553	169	-234	-150	301.75	5.34	324.28	302.62	314.59	46	18.01114933	0.5	0.5	0.28	0	295.42	294.36
1	1990	221	13.5	956	590	151	-218	-221	302.64	6.22	325.79	303.96	315.97	42	17.31497538	0.5	0.5	0.28	0	295.42	294.36
1	1990	221	14.5	745	447	93	-167	-187	302.83	6.11	323.21	303.6	314.24	39	16.25541163	0.5	0.5	0.28	0	295.42	294.36
1	1990	221	15.5	654	387	62	-143	-181	303.08	5.57	321.28	303.75	313.09	38	16.06834176	0.5	0.5	0.28	0	295.42	294.36
1	1990	221	16.5	383	197	11	-76	-110	302.62	4.4	314.11	302.07	308.08	38	15.64784965	0.5	0.5	0.28	0	295.42	294.36
1	1990	221	17.5	347	159	4	-89	-66	302.9	4.71	312.73	302.24	307.28	36	15.06566015	0.5	0.5	0.28	0	295.42	294.36
1	1990	221	18.5	109	8	-68	-18	-59	299.43	6.93	303.96	298.37	300.56	41	14.01234125	0.5	0.5	0.28	0	295.42	294.36
1	1990	221	19.5	3	-53	-96	60	-103	296.36	5.29	298.69	295.2	296.25	55	15.64450597	0.5	0.5	0.28	0	295.42	294.36
1	1990	221	20.5	0	-49	-82	9	-42	295.72	1.58	297.6	293.76	295.1	63	17.23801298	0.5	0.5	0.28	0	295.42	294.36
1	1990	221	21.5	0	-50	-74	6	-30	295	1.05	296.46	292.74	294.05	68	17.80735112	0.5	0.5	0.28	0	295.42	294.36
1	1990	221	22.5	0	-59	-83	23	-48	293.61	2.3	294.08	291.58	292.2	73	17.55213908	0.5	0.5	0.28	0	295.42	294.36
1	1990	221	23.5	0	-57	-86	12	-41	291.89	2.11	292.5	289.99	290.69	81	17.50091962	0.5	0.5	0.28	0	295.42	294.36
1	1990	222	0.5	0	-48	-78	11	-41	291.49	1.63	292.19	289.5	290.34	84	17.69985567	0.5	0.5	0.28	0	295.03	293.44
1	1990	222	1.5	0	-43	-70	8	-36	291.44	1.56	292.19	289.54	290.35	83	17.43434018	0.5	0.5	0.28	0	295.03	293.44
1	1990	222	2.5	0	-47	-70	11	-34	291.61	1.9	291.41	289.3	289.79	83	17.62128784	0.5	0.5	0.28	0	295.03	293.44
1	1990	222	3.5	0	-46	-69	13	-36	291.06	1.76	290.75	288.68	289.17	84	17.22783693	0.5	0.5	0.28	0	295.03	293.44
1	1990	222	4.5	0	-49	-67	6	-24	291.05	1.37	290.13	288.38	288.7	84	17.21699262	0.5	0.5	0.28	0	295.03	293.44
1	1990	222	5.5	4	-49	-69	10	-30	290.58	1.66	289.16	287.78	287.89	86	17.11197935	0.5	0.5	0.28	0	295.03	293.44
1	1990	222	6.5	115	12	-44	-22	-34	291.21	1.14	290.01	290.19	289.21	85	17.59826147	0.5	0.5	0.28	0	295.03	293.44
1	1990	222	7.5	322	154	26	-70	-58	295.03	1.09	294.99	293.65	293.44	72	18.88943554	0.5	0.5	0.28	0	295.03	293.44
1	1990	222	8.5	537	301	101	-84	-116	298.2	0.74	303	296.47	299.34	56	17.79060523	0.5	0.5	0.28	0	295.03	293.44
1	1990	222	9.5	736	433	156	-118	-160	301.18	4.57	311.3	300.46	305.81	37	14.01422874	0.5	0.5	0.28	0	295.03	293.44
1	1990	222	10.5	891	529	186	-184	-159	302.1	5.17	318.25	302.21	310.7	33	13.18619962	0.5	0.5	0.28	0	295.03	293.44
1	1990	222	11.5	952	568	187	-229	-153	302.78	5.62	322.8	303.3	313.89	30	12.46816168	0.5	0.5	0.28	0	295.03	293.44
1	1990	222	12.5	927	555	160	-226	-168	303.39	5.37	324.43	303.8	315.07	29	12.4831641	0.5	0.5	0.28	0	295.03	293.44
1	1990	222	13.5	973	579	154	-232	-192	304.46	5.54	327.61	305.46	317.6	24	10.98288831	0.5	0.5	0.28	0	295.03	293.44
1	1990	222	14.5	866	504	105	-201	-197	304.73	6.15	325.84	305.58	316.53	17	7.900022649	0.5	0.5	0.28	0	295.03	293.44
1	1990	222	15.5	712	401	71	-166	-164	304.8	5.2	323.28	305.25	314.83	16	7.464961618	0.5	0.5	0.28	0	295.03	293.44
1	1990	222	16.5	480	243	27	-102	-114	304.44	4.82	317.63	304.15	310.95	17	7.770685779	0.5	0.5	0.28	0	295.03	293.44
1	1990	222	17.5	203	60	-35	-27	-68	303.37	4.63	309.47	301.87	305.14	19	8.169237222	0.5	0.5	0.28	0	295.03	293.44
1	1990	222	18.5	47	-38	-70	24	-58	301.53	2.86	302.91	299.26	300.2	24	9.277647855	0.5	0.5	0.28	0	295.03	293.44
1	1990	222	19.5	1	-61	-83	26	-48	298.95	2.35	298.89	295.62	296.51	33	10.96213409	0.5	0.5	0.28	0	295.03	293.44
1	1990	222	20.5	0	-59	-85	23	-48	297.12	2.57	296.62	294.49	294.73	37	11.01814527	0.5	0.5	0.28	0	295.03	293.44
1	1990	222	21.5	0	-58	-85	26	-53	295.31	2.42	294.73	292.61	292.93	41	10.94187378	0.5	0.5	0.28	0	295.03	293.44
1	1990	222	22.5	0	-49	-78	21	-49	294.8	2.53	294.33	292.91	292.79	44	11.3823338	0.5	0.5	0.28	0	295.03	293.44
1	1990	222	23.5	0	-49	-68	22	-41	295.01	2.17	293.8	292.77	292.41	44	11.52944665	0.5	0.5	0.28	0	295.03	293.44
